Coord user x = 2.84834e+006	y = 2.18988e+006	z = 5.27016e+006
N=1	 alpha = 56.5247	1	[ 494151 ; 1.0846e+007 ; 2.3049e+007 ]
N=2	 alpha = 63.9996	1	[ 1.83618e+007 ; 7.52052e+006 ; 1.59819e+007 ]
N=3	 alpha = 11.1972	1	[ 2.54733e+007 ; -210399 ; -447121 ]
N=4	 alpha = -31.8272	0	[ 1.7663e+007 ; -7.81807e+006 ; -1.66142e+007 ]
N=5	 alpha = -69.4931	0	[ -494151 ; -1.0846e+007 ; -2.3049e+007 ]
N=6	 alpha = -74.2071	0	[ -1.83618e+007 ; -7.52052e+006 ; -1.59819e+007 ]
N=7	 alpha = -36.9536	0	[ -2.54733e+007 ; 210399 ; 447121 ]
N=8	 alpha = 5.10721	1	[ -1.7663e+007 ; 7.81807e+006 ; 1.66142e+007 ]
N=9	 alpha = 14.4734	1	[ -6.0622e+006 ; -1.05618e+007 ; 2.23793e+007 ]
N=10	 alpha = 14.3068	1	[ -1.46257e+007 ; 6.75703e+006 ; 1.97374e+007 ]
N=11	 alpha = -3.27163	0	[ -1.46217e+007 ; 2.01177e+007 ; 5.53363e+006 ]
N=12	 alpha = -24.6876	0	[ -6.05248e+006 ; 2.16936e+007 ; -1.19117e+007 ]
N=13	 alpha = -39.6202	0	[ 6.0622e+006 ; 1.05618e+007 ; -2.23793e+007 ]
N=14	 alpha = -39.486	0	[ 1.46257e+007 ; -6.75703e+006 ; -1.97374e+007 ]
N=15	 alpha = -24.3825	0	[ 1.46217e+007 ; -2.01177e+007 ; -5.53363e+006 ]
N=16	 alpha = -2.93861	0	[ 6.05248e+006 ; -2.16936e+007 ; 1.19117e+007 ]
N=17	 alpha = 77.3566	1	[ 1.438e+007 ; 5.9106e+006 ; 2.01846e+007 ]
N=18	 alpha = 28.7564	1	[ 5.49056e+006 ; -1.13341e+007 ; 2.21479e+007 ]
N=19	 alpha = -16.7589	0	[ -6.61515e+006 ; -2.19394e+007 ; 1.11373e+007 ]
N=20	 alpha = -55.3298	0	[ -1.48458e+007 ; -1.96929e+007 ; -6.3974e+006 ]
N=21	 alpha = -82.3961	0	[ -1.438e+007 ; -5.9106e+006 ; -2.01846e+007 ]
N=22	 alpha = -50.5812	0	[ -5.49056e+006 ; 1.13341e+007 ; -2.21479e+007 ]
N=23	 alpha = -11.3206	0	[ 6.61515e+006 ; 2.19394e+007 ; -1.11373e+007 ]
N=24	 alpha = 35.3622	1	[ 1.48458e+007 ; 1.96929e+007 ; 6.3974e+006 ]
number of visible spt = 9
Dn[0] = 0
Dn[1] = 0
Dn[2] = 0
Dn[3] = 0
Dn[4] = 0
Dn[5] = 0
Dn[6] = 0
Dn[7] = 0
Dn[8] = 0
Dn[9] = 0
Dn[10] = 0
Dn[11] = 0
Dn[12] = 0
Dn[13] = 0
Dn[14] = 0
Dn[15] = 0
Dn[16] = 0
Dn[17] = 0
Dn[18] = 0
Dn[19] = 0
Dn[20] = 0
Dn[21] = 0
Dn[22] = 0
Dn[23] = 0
Hn[0] = -0.118219	0.434682	0.892791	1
Hn[1] = 0.791848	0.27209	0.546757	1
Hn[2] = 0.964436	-0.102317	-0.24371	1
Hn[3] = 0.524248	-0.354153	-0.774428	1
Hn[4] = -0.106605	-0.415764	-0.903203	1
Hn[5] = -0.672132	-0.307715	-0.673461	1
Hn[6] = -0.983476	-0.0687377	-0.167481	1
Hn[7] = -0.850895	0.233481	0.4706	1
Hn[8] = -0.385335	-0.551444	0.739883	1
Hn[9] = -0.755114	0.197362	0.625181	1
Hn[10] = -0.697866	0.716151	0.0105246	1
Hn[11] = -0.323969	0.709891	-0.625379	1
Hn[12] = 0.110566	0.288017	-0.951221	1
Hn[13] = 0.405362	-0.307941	-0.860729	1
Hn[14] = 0.429056	-0.812954	-0.393722	1
Hn[15] = 0.128186	-0.955494	0.265704	1
Hn[16] = 0.600101	0.193625	0.776137	1
Hn[17] = 0.121267	-0.620694	0.774618	1
Hn[18] = -0.356112	-0.907987	0.22078	1
Hn[19] = -0.580816	-0.71831	-0.382992	1
Hn[20] = -0.542003	-0.254841	-0.800805	1
Hn[21] = -0.27721	0.303979	-0.911456	1
Hn[22] = 0.145153	0.761041	-0.632255	1
Hn[23] = 0.564584	0.823669	0.0530464	1
